149.7617645263672,357.89007568359375,358.7598876953125
149.97476196289062,357.9111633300781,358.4742431640625
149.67823791503906,357.47991943359375,358.6238708496094
148.37820434570312,357.47991943359375,358.6238708496094
148.63731384277344,357.91546630859375,358.54986572265625
148.76490783691406,357.91546630859375,358.54986572265625
148.6389617919922,357.7056884765625,358.5889892578125
148.7262725830078,357.6837463378906,358.4548034667969
148.85374450683594,357.6837463378906,358.4548034667969
148.8546142578125,357.83270263671875,358.5485534667969
148.98956298828125,357.83270263671875,358.5485534667969
149.0058135986328,357.7919616699219,358.5001525878906
148.86807250976562,357.6861877441406,358.624755859375
148.90335083007812,357.6861877441406,358.624755859375
148.92779541015625,357.67584228515625,358.5838623046875
148.90728759765625,357.67584228515625,358.5838623046875
149.07022094726562,357.7716979980469,358.41558837890625
148.78402709960938,357.5054931640625,358.6485595703125
148.73558044433594,357.5054931640625,358.6485595703125
149.0299530029297,357.7292785644531,358.3769836425781
148.99525451660156,357.7292785644531,358.3769836425781
148.66908264160156,357.666748046875,358.7979736328125
148.82887268066406,357.668212890625,358.5724792480469
148.80099487304688,357.668212890625,358.5724792480469
148.75619506835938,357.5867919921875,358.58355712890625
148.76744079589844,357.5867919921875,358.58355712890625
148.8259735107422,357.7982482910156,358.6361999511719
148.8210906982422,357.8110656738281,358.65130615234375
148.848388671875,357.8110656738281,358.65130615234375
148.91455078125,357.82330322265625,358.5653076171875
148.97657775878906,357.82330322265625,358.5653076171875
148.9071044921875,357.70684814453125,358.5897216796875
148.97486877441406,357.7792663574219,358.5397644042969
149.0955352783203,357.7792663574219,358.5397644042969
149.1573486328125,357.9154968261719,358.5382995605469
149.2802276611328,357.9154968261719,358.5382995605469
149.19467163085938,357.8111267089844,358.59368896484375
149.21307373046875,357.6347961425781,358.4566650390625
149.29879760742188,357.6347961425781,358.4566650390625
149.4011688232422,357.7625427246094,358.3926086425781
149.48846435546875,357.7625427246094,358.3926086425781
149.2752227783203,357.8273010253906,358.7347717285156
149.40623474121094,357.87506103515625,358.5787353515625
149.44000244140625,357.87506103515625,358.5787353515625
149.48204040527344,357.4089660644531,358.228271484375
149.48777770996094,357.4089660644531,358.228271484375
149.2985076904297,357.5489196777344,358.5835876464844
149.3055877685547,357.65435791015625,358.639892578125
149.37022399902344,357.65435791015625,358.639892578125
149.55763244628906,357.8149719238281,358.4753112792969
149.503173828125,357.8149719238281,358.4753112792969
149.4461212158203,357.80712890625,358.5505676269531
149.4619140625,357.9862976074219,358.6396179199219
149.40028381347656,357.9862976074219,358.6396179199219
149.35028076171875,357.7542724609375,358.5653076171875
149.31614685058594,357.7542724609375,358.5653076171875
149.16395568847656,357.7733459472656,358.7910461425781
149.52239990234375,357.8900146484375,358.3617858886719
149.473388671875,357.8900146484375,358.3617858886719
149.22885131835938,357.8409118652344,358.6737060546875
149.24009704589844,357.8409118652344,358.6737060546875
149.215087890625,357.0618591308594,358.2154541015625
149.4375762939453,357.8461608886719,358.40008544921875
149.3957061767578,357.8461608886719,358.40008544921875
149.32656860351562,357.8343200683594,358.489501953125
149.294921875,357.8343200683594,358.489501953125
149.27064514160156,357.761962890625,358.4781188964844
149.4386444091797,357.8319396972656,358.28759765625
149.39535522460938,357.8319396972656,358.28759765625
149.2506561279297,357.80975341796875,358.4751892089844
149.23196411132812,357.80975341796875,358.4751892089844
149.30662536621094,357.86932373046875,358.4082336425781
149.25970458984375,357.9772644042969,358.541259765625
149.325927734375,357.9772644042969,358.541259765625
149.42796325683594,357.99151611328125,358.40740966796875
149.269775390625,357.7002868652344,358.446533203125
149.3204803466797,357.7002868652344,358.446533203125
149.40768432617188,357.90386962890625,358.45184326171875
149.4154510498047,357.90386962890625,358.45184326171875
149.43154907226562,358.01080322265625,358.4957580566406
149.36798095703125,357.8064880371094,358.4573669433594
149.2653045654297,357.8064880371094,358.4573669433594
148.96823120117188,357.7965087890625,358.86614990234375
148.9169921875,357.7965087890625,358.86614990234375
149.16915893554688,357.95086669921875,358.6120910644531
148.40037536621094,356.90081787109375,359.0081787109375
148.38145446777344,356.90081787109375,359.0081787109375
149.0130157470703,357.4295349121094,358.4729309082031
148.96873474121094,357.4295349121094,358.4729309082031
149.0274658203125,357.68975830078125,358.5573425292969
148.96484375,357.6524353027344,358.62054443359375
149.06939697265625,357.6524353027344,358.62054443359375
149.18017578125,357.77581787109375,358.5450439453125
149.20794677734375,357.77581787109375,358.5450439453125
149.18792724609375,358.0303039550781,358.73236083984375
149.11805725097656,357.6529235839844,358.59197998046875
149.0831756591797,357.6529235839844,358.59197998046875
149.3270263671875,357.7080993652344,358.2900085449219
149.39678955078125,357.7080993652344,358.2900085449219
149.2626495361328,357.984619140625,358.6480407714844
149.09507751464844,357.786376953125,358.75665283203125
149.201904296875,357.786376953125,358.75665283203125
149.37777709960938,357.8421325683594,358.5470886230469
149.4177703857422,357.8421325683594,358.5470886230469
149.3484649658203,357.6191711425781,358.5037536621094
149.35986328125,357.7486572265625,358.5690612792969
149.45880126953125,357.7486572265625,358.5690612792969
149.49508666992188,357.8237609863281,358.56561279296875
149.5606689453125,357.8237609863281,358.56561279296875
149.65138244628906,357.9096374511719,358.4936218261719
149.25363159179688,357.6048889160156,358.853759765625
149.23912048339844,357.6048889160156,358.853759765625
149.44093322753906,357.8094787597656,358.7022399902344
149.4609832763672,357.8094787597656,358.7022399902344
149.5300750732422,357.7439270019531,358.5660400390625
149.59156799316406,357.7003173828125,358.454345703125
149.638916015625,357.7003173828125,358.454345703125
149.57180786132812,357.82696533203125,358.625244140625
149.5608367919922,357.82696533203125,358.625244140625
149.60452270507812,357.9204406738281,358.62249755859375
149.7098846435547,357.75933837890625,358.3778076171875
149.75196838378906,357.75933837890625,358.3778076171875
149.9128875732422,358.0713195800781,358.3468017578125
149.91748046875,358.0713195800781,358.3468017578125
149.61785888671875,357.7029724121094,358.53521728515625
149.56639099121094,357.5045471191406,358.483154296875
149.5580596923828,357.5045471191406,358.483154296875
149.6930694580078,357.919677734375,358.5527648925781
149.6854248046875,357.919677734375,358.5527648925781
149.78060913085938,357.86053466796875,358.38433837890625
149.62522888183594,357.67547607421875,358.4857482910156
149.5907745361328,357.67547607421875,358.4857482910156
149.74749755859375,358.05908203125,358.50445556640625
149.78280639648438,358.05908203125,358.50445556640625
149.82826232910156,357.93780517578125,358.36767578125
149.68185424804688,357.7705078125,358.46697998046875
149.7312469482422,357.7705078125,358.46697998046875
149.64129638671875,357.6365051269531,358.5080871582031
149.68185424804688,357.6365051269531,358.5080871582031
149.58192443847656,357.531982421875,358.5804443359375
150.04273986816406,358.1030578613281,358.298828125
149.98292541503906,358.1030578613281,358.298828125
149.88523864746094,357.8828430175781,358.2983093261719
149.84634399414062,357.8828430175781,358.2983093261719
149.53001403808594,357.7210998535156,358.6318054199219
149.9078369140625,358.0473937988281,358.31463623046875
149.79403686523438,358.0473937988281,358.31463623046875
149.6782684326172,357.9700012207031,358.4260559082031
149.55271911621094,357.9700012207031,358.4260559082031
149.24771118164062,357.779541015625,358.7304382324219
149.1902313232422,357.429931640625,358.5897216796875
149.10989379882812,357.429931640625,358.5897216796875
149.28823852539062,357.701416015625,358.5127258300781
149.17030334472656,357.701416015625,358.5127258300781
149.4683074951172,357.8863220214844,358.2126159667969
149.14151000976562,357.6958312988281,358.549560546875
149.10671997070312,357.6958312988281,358.549560546875
149.22813415527344,357.8621520996094,358.4836120605469
149.11473083496094,357.642822265625,358.5047607421875
149.19558715820312,357.642822265625,358.5047607421875
149.09988403320312,357.7713928222656,358.7208251953125
149.2864227294922,357.7713928222656,358.7208251953125
149.1232147216797,357.63616943359375,358.8664855957031
149.28744506835938,357.4208679199219,358.4986267089844
149.50318908691406,357.4208679199219,358.4986267089844
149.634521484375,357.82177734375,358.5643005371094
149.86050415039062,357.82177734375,358.5643005371094
150.1175994873047,357.84881591796875,358.2245788574219
149.7676239013672,357.7171936035156,358.62945556640625
149.93482971191406,357.7171936035156,358.62945556640625
150.07650756835938,357.7878112792969,358.47637939453125
150.20138549804688,357.7878112792969,358.47637939453125
150.305419921875,358.01422119140625,358.469482421875
150.16343688964844,357.7018737792969,358.4765625
150.2560272216797,357.7018737792969,358.4765625
150.3290557861328,357.61126708984375,358.32208251953125
150.3562774658203,357.61126708984375,358.32208251953125
150.24916076660156,357.9942932128906,358.6988220214844
150.28842163085938,357.8237609863281,358.5425720214844
150.22369384765625,357.8237609863281,358.5425720214844
150.20716857910156,357.9364013671875,358.6330871582031
150.11083984375,357.9364013671875,358.6330871582031
150.16635131835938,357.8563232421875,358.5083923339844
149.9750213623047,357.71875,358.6882019042969
149.784912109375,357.71875,358.6882019042969
149.8688507080078,357.75628662109375,358.5953674316406
149.717041015625,357.75628662109375,358.5953674316406
149.57640075683594,357.6424865722656,358.71954345703125
149.87750244140625,357.8223571777344,358.414794921875
149.75912475585938,357.8223571777344,358.414794921875
149.5914764404297,357.989013671875,358.7489929199219
149.5117645263672,357.989013671875,358.7489929199219
149.61679077148438,357.8101806640625,358.49285888671875
149.7067108154297,357.8466491699219,358.39129638671875
149.7089385986328,357.8466491699219,358.39129638671875
149.5047149658203,357.81744384765625,358.65521240234375
149.4496307373047,357.81744384765625,358.65521240234375
149.3725128173828,357.87445068359375,358.7979736328125
149.51014709472656,357.7432861328125,358.5252990722656
149.48927307128906,357.7432861328125,358.5252990722656
149.5585479736328,357.7970886230469,358.4627990722656
149.59384155273438,357.7970886230469,358.4627990722656
149.5135955810547,357.7743225097656,358.5596618652344
149.58871459960938,357.9305725097656,358.5523376464844
149.629150390625,357.9305725097656,358.5523376464844
149.88751220703125,358.10992431640625,358.30499267578125
149.86509704589844,358.10992431640625,358.30499267578125
149.47518920898438,357.6934509277344,358.58856201171875
149.49058532714844,357.772705078125,358.61651611328125
149.43252563476562,357.772705078125,358.61651611328125
149.55479431152344,357.7901611328125,358.4579772949219
149.52032470703125,357.7901611328125,358.4579772949219
149.41867065429688,357.7754211425781,358.58929443359375
149.39703369140625,357.8941345214844,358.6932067871094
149.35545349121094,357.8941345214844,358.6932067871094
149.3572540283203,357.6529846191406,358.5400695800781
149.40933227539062,357.6529846191406,358.5400695800781
149.41329956054688,357.7971496582031,358.62457275390625
149.44085693359375,357.7149963378906,358.5354919433594
149.51173400878906,357.7149963378906,358.5354919433594
149.5172882080078,357.6341552734375,358.4776306152344
149.4454803466797,357.6341552734375,358.4776306152344
149.47987365722656,357.66424560546875,358.4494934082031
149.63865661621094,357.88787841796875,358.3716735839844
149.58367919921875,357.88787841796875,358.3716735839844
149.26168823242188,357.6190490722656,358.6435241699219
149.22216796875,357.6190490722656,358.6435241699219
149.45919799804688,357.75872802734375,358.4071044921875
149.17979431152344,357.4634094238281,358.6032409667969
149.11412048339844,357.4634094238281,358.6032409667969
149.36599731445312,357.8521423339844,358.501953125
149.41600036621094,357.8521423339844,358.501953125
149.4730682373047,357.9781188964844,358.5014953613281
149.34205627441406,357.76458740234375,358.5492858886719
149.38064575195312,357.76458740234375,358.5492858886719
149.26031494140625,357.5009765625,358.55029296875
149.27566528320312,357.5009765625,358.55029296875
149.23594665527344,357.6727294921875,358.7139587402344
149.47079467773438,357.7815856933594,358.4548034667969
149.4829559326172,357.7815856933594,358.4548034667969
149.63470458984375,357.5318908691406,358.0889587402344
149.32972717285156,357.74066162109375,358.6435546875
149.328857421875,357.74066162109375,358.6435546875
149.5856170654297,357.79791259765625,358.3200378417969
149.61209106445312,357.79791259765625,358.3200378417969
149.59776306152344,357.74237060546875,358.3056640625
149.47561645507812,357.7777404785156,358.49835205078125
149.61065673828125,357.7777404785156,358.49835205078125
149.595703125,357.65216064453125,358.44140625
149.77622985839844,357.65216064453125,358.44140625
149.7002410888672,357.6138916015625,358.52349853515625
149.69113159179688,357.7508544921875,358.6208190917969
149.83787536621094,357.7508544921875,358.6208190917969
149.86181640625,357.7427673339844,358.58258056640625
149.98257446289062,357.7427673339844,358.58258056640625
150.0172882080078,357.54443359375,358.4136657714844
150.219482421875,358.0903625488281,358.46575927734375
150.26792907714844,358.0903625488281,358.46575927734375
149.98191833496094,357.7806396484375,358.6722412109375
149.9859619140625,357.7806396484375,358.6722412109375
150.02310180664062,357.7722473144531,358.6162414550781
149.99684143066406,357.7622375488281,358.6461181640625
150.07028198242188,357.7622375488281,358.6461181640625
150.18051147460938,357.7651062011719,358.4975891113281
150.24301147460938,357.7651062011719,358.4975891113281
150.3245391845703,357.8854064941406,358.4591369628906
150.20086669921875,357.7224426269531,358.52911376953125
150.26351928710938,357.7224426269531,358.52911376953125
150.3320770263672,358.0845947265625,358.6528015136719
150.2833709716797,358.0845947265625,358.6528015136719
150.13560485839844,357.604736328125,358.5653076171875
150.43511962890625,358.1048583984375,358.4580078125
150.22694396972656,358.1048583984375,358.4580078125
150.18130493164062,357.941650390625,358.4223937988281
149.98431396484375,357.941650390625,358.4223937988281
149.78668212890625,357.72113037109375,358.55828857421875
150.0392303466797,357.81573486328125,358.2711181640625
149.8639373779297,357.81573486328125,358.2711181640625
149.7117156982422,357.81439208984375,358.4784240722656
149.5877227783203,357.81439208984375,358.4784240722656
149.6170196533203,357.9996643066406,358.5523376464844
149.48959350585938,357.78033447265625,358.5924072265625
149.4868927001953,357.78033447265625,358.5924072265625
149.35740661621094,357.7774963378906,358.76971435546875
149.33692932128906,357.7774963378906,358.76971435546875
149.52276611328125,357.72076416015625,358.47760009765625
149.5704803466797,357.719482421875,358.4112548828125
149.49688720703125,357.719482421875,358.4112548828125
149.52981567382812,357.902099609375,358.47918701171875
149.5348663330078,357.902099609375,358.47918701171875
149.6090545654297,357.98095703125,358.4255676269531
149.45675659179688,357.9786071777344,358.6344299316406
149.42962646484375,357.9786071777344,358.6344299316406
149.59352111816406,357.9057312011719,358.36309814453125
149.58567810058594,357.9057312011719,358.36309814453125
149.425537109375,357.758544921875,358.4931640625
149.35858154296875,357.7708435058594,358.59368896484375
149.33779907226562,357.7708435058594,358.59368896484375
149.2147216796875,357.66845703125,358.70068359375
149.20333862304688,357.66845703125,358.70068359375
149.4391632080078,357.556884765625,358.3042297363281
149.23777770996094,357.58013916015625,358.5971374511719
149.27247619628906,357.58013916015625,358.5971374511719
149.46559143066406,357.88580322265625,358.5203857421875
149.48629760742188,357.88580322265625,358.5203857421875
149.35726928710938,357.4674377441406,358.4376220703125
149.3474578857422,357.843505859375,358.6868896484375
149.47914123535156,357.843505859375,358.6868896484375
149.7941436767578,358.0745849609375,358.39276123046875
149.90879821777344,358.0745849609375,358.39276123046875
149.6682891845703,357.5214538574219,358.38482666015625
149.627685546875,357.8807678222656,358.6632385253906
149.78213500976562,357.8807678222656,358.6632385253906
149.89830017089844,357.8592529296875,358.48968505859375
150.07302856445312,357.8592529296875,358.48968505859375
149.9748077392578,357.73345947265625,358.5478210449219
149.9241943359375,357.74432373046875,358.6238708496094
150.03504943847656,357.74432373046875,358.6238708496094
150.11544799804688,357.7362365722656,358.5091247558594
150.09901428222656,357.7362365722656,358.5091247558594
150.1913604736328,357.93267822265625,358.501953125
150.26394653320312,357.9252014160156,358.3987121582031
150.08676147460938,357.9252014160156,358.3987121582031
149.9107666015625,357.8531188964844,358.5948181152344
150.12986755371094,357.8478698730469,358.2934875488281
149.88397216796875,357.8478698730469,358.2934875488281
149.81976318359375,357.9313049316406,358.4317626953125
149.4824981689453,357.9313049316406,358.4317626953125
149.44358825683594,357.8614196777344,358.4416198730469
149.18565368652344,357.6063537597656,358.6353759765625
148.88592529296875,357.6063537597656,358.6353759765625
149.2895965576172,357.88031005859375,358.2557067871094
149.07794189453125,357.88031005859375,358.2557067871094
148.86843872070312,357.7319641113281,358.4483947753906
148.77752685546875,357.65301513671875,358.52276611328125
148.57464599609375,357.65301513671875,358.52276611328125
148.60330200195312,357.8479309082031,358.6087341308594
148.50559997558594,357.8479309082031,358.6087341308594
148.56358337402344,357.9350891113281,358.58428955078125
148.4240264892578,357.8638610839844,358.73260498046875
148.44532775878906,357.8638610839844,358.73260498046875
148.52162170410156,357.639404296875,358.48101806640625
148.57302856445312,357.639404296875,358.48101806640625
148.5038604736328,357.7557678222656,358.65264892578125
148.86070251464844,357.7574462890625,358.15869140625
149.0474395751953,357.7574462890625,358.15869140625
148.66461181640625,357.67578125,358.6356506347656
148.8876953125,357.67578125,358.6356506347656
149.09938049316406,357.7304992675781,358.3786926269531
149.2864990234375,358.0964660644531,358.3509826660156
149.4684295654297,358.0964660644531,358.3509826660156
149.24981689453125,357.77398681640625,358.4494934082031
149.44528198242188,357.77398681640625,358.4494934082031
149.39999389648438,357.8211364746094,358.5408020019531
149.48416137695312,358.0523986816406,358.5687561035156
149.61865234375,358.0523986816406,358.5687561035156
149.50616455078125,357.99188232421875,358.6856689453125
149.55868530273438,357.99188232421875,358.6856689453125
149.55807495117188,357.81805419921875,358.57916259765625
149.46810913085938,357.7679138183594,358.67156982421875
149.544189453125,357.7679138183594,358.67156982421875
149.5561065673828,357.60015869140625,358.551025390625
149.6625518798828,357.60015869140625,358.551025390625
149.79347229003906,357.78155517578125,358.4836120605469
149.78799438476562,357.8511047363281,358.5337219238281
149.86026000976562,357.8511047363281,358.5337219238281
149.81304931640625,357.9106140136719,358.6351013183594
149.9285888671875,357.9106140136719,358.6351013183594
150.0100860595703,357.9568786621094,358.55059814453125
150.01954650878906,357.74468994140625,358.40869140625
150.0811767578125,357.74468994140625,358.40869140625
149.96746826171875,357.9304504394531,358.6791687011719
149.9694061279297,357.9304504394531,358.6791687011719
149.97317504882812,357.7069091796875,358.5377197265625
150.16940307617188,357.7598876953125,358.2970886230469
150.16900634765625,357.7598876953125,358.2970886230469
149.87008666992188,357.6547546386719,358.6507568359375
149.83534240722656,357.6547546386719,358.6507568359375
150.05560302734375,357.9190979003906,358.5036926269531
150.0710906982422,357.5736083984375,358.2721252441406
150.00125122070312,357.5736083984375,358.2721252441406
149.8778839111328,357.9319152832031,358.6628112792969
149.8591766357422,357.9319152832031,358.6628112792969
149.90513610839844,357.71942138671875,358.4690246582031
149.93789672851562,357.9305725097656,358.5523376464844
149.89138793945312,357.9305725097656,358.5523376464844
149.972412109375,357.832275390625,358.38043212890625
149.99053955078125,357.832275390625,358.38043212890625
149.8658447265625,357.69915771484375,358.4708557128906
149.87680053710938,357.8406066894531,358.5422668457031
149.97344970703125,357.8406066894531,358.5422668457031
150.02337646484375,358.0929260253906,358.6264953613281
150.098876953125,358.0929260253906,358.6264953613281
150.09068298339844,357.72772216796875,358.4170227050781
150.08224487304688,357.757568359375,358.4465637207031
150.2389373779297,357.757568359375,358.4465637207031
150.11749267578125,357.6623840332031,358.55303955078125
150.26412963867188,357.6623840332031,358.55303955078125
150.42971801757812,357.9251403808594,358.4875793457031
150.27464294433594,357.78765869140625,358.61431884765625
150.38906860351562,357.78765869140625,358.61431884765625
150.42697143554688,357.68695068359375,358.5030212402344
150.43833923339844,357.68695068359375,358.5030212402344
150.36158752441406,357.7077331542969,358.6191711425781
150.46824645996094,357.7682189941406,358.51123046875
150.45819091796875,357.7682189941406,358.51123046875
150.60528564453125,357.7480163574219,358.30120849609375
150.578125,357.7414245605469,358.33380126953125
150.5076141357422,357.7414245605469,358.33380126953125
150.3148956298828,357.7699279785156,358.61041259765625
150.14768981933594,357.7699279785156,358.61041259765625
150.2841339111328,357.76788330078125,358.4250793457031
150.40863037109375,357.71600341796875,358.226806640625
150.31724548339844,357.71600341796875,358.226806640625
150.25843811035156,357.7810363769531,358.3448181152344
150.0826873779297,357.7810363769531,358.3448181152344
149.8738250732422,357.8409118652344,358.6634826660156
149.91160583496094,357.7117614746094,358.5334167480469
149.77223205566406,357.7117614746094,358.5334167480469
149.82276916503906,357.7310791015625,358.4768371582031
149.74441528320312,357.7310791015625,358.4768371582031
149.7083282470703,357.99957275390625,358.6907043457031
149.5246124267578,357.7486572265625,358.7870178222656
149.45388793945312,357.7486572265625,358.7870178222656
149.67416381835938,357.8190612792969,358.5298767089844
149.62864685058594,357.8190612792969,358.5298767089844
149.69097900390625,357.95343017578125,358.52752685546875
149.47177124023438,357.7416687011719,358.69635009765625
149.44940185546875,357.7416687011719,358.69635009765625
149.5581512451172,357.56854248046875,358.43951416015625
149.56631469726562,357.56854248046875,358.43951416015625
149.7160186767578,357.8329162597656,358.39825439453125
149.4951171875,357.7671813964844,358.6606750488281
149.47071838378906,357.7671813964844,358.6606750488281
149.625,357.83648681640625,358.49102783203125
149.70204162597656,357.83648681640625,358.49102783203125
149.6050567626953,357.8468322753906,358.6311340332031
149.5569610595703,357.9433288574219,358.75726318359375
149.60569763183594,357.9433288574219,358.75726318359375
149.7744598388672,357.8055419921875,358.4398193359375
149.87892150878906,357.8055419921875,358.4398193359375
149.81434631347656,357.69793701171875,358.46234130859375
149.83287048339844,358.0040588378906,358.6241760253906
149.95175170898438,358.0040588378906,358.6241760253906
149.98915100097656,357.9832763671875,358.5603942871094
150.0537109375,357.9832763671875,358.5603942871094
150.21340942382812,357.8172912597656,358.24346923828125
149.9635009765625,357.95123291015625,358.6641540527344
150.01959228515625,357.95123291015625,358.6641540527344
149.98126220703125,357.8551025390625,358.657958984375
150.00057983398438,357.8551025390625,358.657958984375
150.00466918945312,357.6669921875,358.53802490234375
150.21534729003906,358.0309143066406,358.4734802246094
150.24009704589844,358.0309143066406,358.4734802246094
150.06590270996094,357.83270263671875,358.5889892578125
150.03147888183594,357.83270263671875,358.5889892578125
150.10137939453125,357.8647155761719,358.51422119140625
150.07044982910156,357.9156799316406,358.5867004394531
150.10707092285156,357.9156799316406,358.5867004394531
149.99171447753906,357.5953369140625,358.548095703125
149.87767028808594,357.5953369140625,358.548095703125
150.09719848632812,357.7004699707031,358.31597900390625
149.96180725097656,357.7646179199219,358.5377197265625
149.8347625732422,357.7646179199219,358.5377197265625
150.07749938964844,357.9873352050781,358.343994140625
150.0745849609375,357.9873352050781,358.343994140625
149.9770050048828,357.92919921875,358.44171142578125
149.69105529785156,357.5862121582031,358.6222229003906
149.61434936523438,357.5862121582031,358.6222229003906
150.03736877441406,358.0574645996094,358.3332824707031
150.06773376464844,358.0574645996094,358.3332824707031
149.8211669921875,357.9305114746094,358.5926818847656
149.9162139892578,357.8794860839844,358.4317626953125
149.963623046875,357.8794860839844,358.4317626953125
149.814208984375,357.811767578125,358.5941162109375
149.7869110107422,357.811767578125,358.5941162109375
149.83517456054688,357.8395080566406,358.5453186035156
149.63739013671875,357.75738525390625,358.76495361328125
149.64013671875,357.75738525390625,358.76495361328125
149.81344604492188,357.89581298828125,358.6138610839844
149.88124084472656,357.89581298828125,358.6138610839844
149.786376953125,357.7729797363281,358.6676330566406
149.9091796875,357.80810546875,358.5224609375
149.93943786621094,357.80810546875,358.5224609375
149.68186950683594,357.6448059082031,358.7726745605469
149.69564819335938,357.6448059082031,358.7726745605469
149.9254150390625,357.89166259765625,358.6109619140625
150.06016540527344,357.8239440917969,358.3871154785156
150.0685577392578,357.8239440917969,358.3871154785156
150.00172424316406,357.8651428222656,358.5030212402344
149.9589080810547,357.68157958984375,358.44952392578125
149.89320373535156,357.68157958984375,358.44952392578125
149.921875,358.03582763671875,358.6261291503906
149.88046264648438,358.03582763671875,358.6261291503906
149.99652099609375,357.85235595703125,358.35498046875
149.8589630126953,357.7777404785156,358.49835205078125
149.82257080078125,357.7777404785156,358.49835205078125
149.92962646484375,357.98016357421875,358.4742431640625
149.84483337402344,357.98016357421875,358.4742431640625
149.5360107421875,357.8575439453125,358.82708740234375
149.826904296875,357.82611083984375,358.40484619140625
149.7372589111328,357.82611083984375,358.40484619140625
149.58888244628906,357.9823913574219,358.7060241699219
149.55560302734375,357.9823913574219,358.7060241699219
149.56874084472656,357.80914306640625,358.58087158203125
149.8031005859375,358.025634765625,358.3921203613281
149.76544189453125,358.025634765625,358.3921203613281
149.827392578125,357.8324890136719,358.1896667480469
149.75770568847656,357.8324890136719,358.1896667480469
149.57679748535156,357.8822326660156,358.46575927734375
149.41049194335938,357.87603759765625,358.6891174316406
149.4401092529297,357.87603759765625,358.6891174316406
149.6295623779297,357.781005859375,358.3736267089844
149.60260009765625,357.781005859375,358.3736267089844
149.54754638671875,357.83428955078125,358.4808044433594
149.5550994873047,357.7178955078125,358.3985900878906
149.57272338867188,357.7178955078125,358.3985900878906
149.29498291015625,357.58953857421875,358.6932067871094
149.32737731933594,357.58953857421875,358.6932067871094
149.54058837890625,357.636474609375,358.43475341796875
149.50828552246094,357.8258972167969,358.5957946777344
149.44427490234375,357.8258972167969,358.5957946777344
149.4011993408203,357.83416748046875,358.6593017578125
149.3535919189453,357.83416748046875,358.6593017578125
149.3870086669922,357.98583984375,358.7082214355469
149.3842315673828,357.68017578125,358.521728515625
149.28514099121094,357.68017578125,358.521728515625
149.40151977539062,357.80267333984375,358.441162109375
149.41336059570312,357.80267333984375,358.441162109375
149.51373291015625,357.96337890625,358.405517578125
149.4819793701172,357.993896484375,358.4671630859375
149.4491424560547,357.993896484375,358.4671630859375
149.5194854736328,357.97540283203125,358.3609619140625
149.51805114746094,357.97540283203125,358.3609619140625
149.2660369873047,357.9538879394531,358.6872863769531
149.28152465820312,357.4925842285156,358.3773193359375
149.2483367919922,357.4925842285156,358.3773193359375
149.2828369140625,357.7808837890625,358.5119934082031
149.13986206054688,357.7808837890625,358.5119934082031
149.09869384765625,357.9667053222656,358.6843566894531
149.14598083496094,357.819580078125,358.528076171875
149.16697692871094,357.819580078125,358.528076171875
149.27328491210938,357.9762878417969,358.48284912109375
149.24002075195312,357.9762878417969,358.48284912109375
148.9635772705078,357.71319580078125,358.6916198730469
149.03890991210938,357.806884765625,358.6487121582031
149.11563110351562,357.806884765625,358.6487121582031
149.3870391845703,357.8940734863281,358.33612060546875
149.4183349609375,357.8940734863281,358.33612060546875
149.1959686279297,357.8535461425781,358.61236572265625
149.2958221435547,357.6435852050781,358.3453063964844
149.25523376464844,357.6435852050781,358.3453063964844
149.12347412109375,357.8634948730469,358.6632385253906
149.14151000976562,357.8634948730469,358.6632385253906
149.12628173828125,357.8189697265625,358.6561584472656
149.14425659179688,357.7112731933594,358.5635681152344
149.17393493652344,357.7112731933594,358.5635681152344
149.43179321289062,358.0848388671875,358.44171142578125
149.51817321777344,358.0848388671875,358.44171142578125
149.49411010742188,357.81207275390625,358.3061828613281
149.31494140625,357.6492919921875,358.4510498046875
149.44723510742188,357.6492919921875,358.4510498046875
149.47860717773438,357.7173767089844,358.4502868652344
149.62078857421875,357.7173767089844,358.4502868652344
149.67916870117188,357.94744873046875,358.5116882324219
149.45164489746094,357.6744079589844,358.6570129394531
149.53396606445312,357.6744079589844,358.6570129394531
149.63941955566406,357.7366638183594,358.54986572265625
149.6497802734375,357.7366638183594,358.54986572265625
149.54403686523438,357.8194274902344,358.74749755859375
149.51531982421875,357.6788330078125,358.70001220703125
149.5484161376953,357.6788330078125,358.70001220703125
149.54739379882812,357.78680419921875,358.7684631347656
149.69479370117188,357.8680419921875,358.61431884765625
149.63917541503906,357.8680419921875,358.61431884765625
149.51905822753906,357.7680358886719,358.7189025878906
149.50460815429688,357.7680358886719,358.7189025878906
149.68710327148438,357.80487060546875,358.48919677734375
149.6880340576172,357.85174560546875,358.51678466796875
149.661376953125,357.85174560546875,358.51678466796875
149.7518768310547,357.8302917480469,358.37896728515625
149.5425567626953,357.8302917480469,358.37896728515625
149.574951171875,357.9601135253906,358.4144592285156
149.52076721191406,357.64007568359375,358.2908630371094
149.39524841308594,357.64007568359375,358.2908630371094
149.05343627929688,357.64422607421875,358.7663269042969
148.90728759765625,357.64422607421875,358.7663269042969
149.3712921142578,357.9750061035156,358.331787109375
149.15084838867188,357.7018737792969,358.4649963378906
149.07432556152344,357.7018737792969,358.4649963378906
149.03179931640625,357.7789306640625,358.5725402832031
149.12222290039062,357.7789306640625,358.5725402832031
149.2925262451172,358.0526123046875,358.5083923339844
149.22152709960938,357.9154968261719,358.52099609375
149.29576110839844,357.9154968261719,358.52099609375
149.26014709472656,357.70745849609375,358.4398193359375
149.32310485839844,357.70745849609375,358.4398193359375
149.24755859375,357.8524475097656,358.63470458984375
149.37701416015625,357.9526062011719,358.5185852050781
149.50271606445312,357.9526062011719,358.5185852050781
149.37448120117188,357.72003173828125,358.55029296875
149.46115112304688,357.72003173828125,358.55029296875
149.3721923828125,357.7508544921875,358.6915588378906
149.54473876953125,357.86297607421875,358.5245666503906
149.62957763671875,357.86297607421875,358.5245666503906
149.63490295410156,357.91253662109375,358.5478210449219
149.7124481201172,357.91253662109375,358.5478210449219
149.7707977294922,357.7185974121094,358.3496398925781
149.68724060058594,357.7563781738281,358.4860534667969
149.69850158691406,357.7563781738281,358.4860534667969
149.677490234375,357.7493591308594,358.51019287109375
149.6287841796875,357.7493591308594,358.51019287109375
149.72885131835938,357.8254089355469,358.4217529296875
149.46263122558594,357.7253723144531,358.7208251953125
149.3570098876953,357.7253723144531,358.7208251953125
149.50848388671875,357.8683776855469,358.6032409667969
149.4654998779297,357.8683776855469,358.6032409667969
149.4446563720703,357.73345947265625,358.5478210449219
149.49118041992188,357.9024353027344,358.58929443359375
149.43463134765625,357.9024353027344,358.58929443359375
149.5345916748047,357.9615173339844,358.48919677734375
149.5746612548828,357.9615173339844,358.48919677734375
149.45040893554688,357.7122497558594,358.5047607421875
149.3843994140625,357.9224548339844,358.7261962890625
149.43414306640625,357.9224548339844,358.7261962890625
149.58567810058594,357.77288818359375,358.4255676269531
149.61239624023438,357.77288818359375,358.4255676269531
149.6316680908203,357.889892578125,358.4713134765625
149.5419921875,357.8154296875,358.5485534667969
149.6218719482422,357.8154296875,358.5485534667969
149.4142303466797,357.7193298339844,358.775634765625
149.4862823486328,357.7193298339844,358.775634765625
149.7343292236328,357.9653625488281,358.5848693847656
149.67282104492188,357.81695556640625,358.5784606933594
149.80307006835938,357.81695556640625,358.5784606933594
149.8317108154297,357.8364562988281,358.551025390625
149.9192657470703,357.8364562988281,358.551025390625
149.959228515625,357.94989013671875,358.5653076171875
149.869384765625,357.8206481933594,358.6097106933594
149.92031860351562,357.8206481933594,358.6097106933594
149.9640350341797,357.9160461425781,358.6080322265625
150.10940551757812,357.9160461425781,358.6080322265625
150.333984375,357.9917907714844,358.3476257324219
150.05252075195312,357.80047607421875,358.6158142089844
150.1245880126953,357.80047607421875,358.6158142089844
150.1507568359375,357.8158264160156,358.58929443359375
150.2458038330078,357.8158264160156,358.58929443359375
150.4436798095703,357.8340759277344,358.3297424316406
150.27578735351562,357.89276123046875,358.5943908691406
150.37039184570312,357.89276123046875,358.5943908691406
150.33656311035156,357.7816162109375,358.57427978515625
150.39321899414062,357.7816162109375,358.57427978515625
150.46372985839844,357.8338928222656,358.5088195800781
150.6627960205078,358.0185546875,358.3459777832031
150.74539184570312,358.0185546875,358.3459777832031
150.4649658203125,357.7389221191406,358.5628662109375
150.4559783935547,357.6093444824219,358.4975891113281
150.51483154296875,357.6093444824219,358.4975891113281
150.63145446777344,357.8402404785156,358.47625732421875
150.64996337890625,357.8402404785156,358.47625732421875
150.73052978515625,357.844482421875,358.3693542480469
150.66648864746094,357.81927490234375,358.44140625
150.57342529296875,357.81927490234375,358.44140625
150.5867919921875,357.9136657714844,358.47918701171875
150.50416564941406,357.9136657714844,358.47918701171875
150.4638214111328,357.7079772949219,358.4112548828125
150.49192810058594,357.8044738769531,358.4308166503906
150.38885498046875,357.8044738769531,358.4308166503906
150.451171875,357.85162353515625,358.3747863769531
150.3234405517578,357.85162353515625,358.3747863769531
150.2582244873047,357.8421936035156,358.45697021484375
150.06431579589844,357.69573974609375,358.63043212890625
149.93699645996094,357.69573974609375,358.63043212890625
149.95668029785156,357.8341369628906,358.6882019042969
149.84498596191406,357.8341369628906,358.6882019042969
149.99415588378906,357.72418212890625,358.4198303222656
149.86712646484375,357.6006164550781,358.5152893066406
149.81460571289062,357.6006164550781,358.5152893066406
150.06515502929688,357.9127197265625,358.3685302734375
150.01614379882812,357.9127197265625,358.3685302734375
149.83522033691406,357.64361572265625,358.4472961425781
149.89805603027344,357.82647705078125,358.4747009277344
149.9712677001953,357.82647705078125,358.4747009277344
150.2061004638672,358.07501220703125,358.30975341796875
150.1766357421875,358.07501220703125,358.30975341796875
149.97109985351562,357.7151794433594,358.3677062988281
149.8507537841797,358.04522705078125,358.7308044433594
149.93553161621094,358.04522705078125,358.7308044433594
149.84429931640625,357.8870849609375,358.7581481933594
149.89425659179688,357.8870849609375,358.7581481933594
150.1865692138672,357.9061584472656,358.3750305175781
150.03318786621094,357.83538818359375,358.53875732421875
150.09815979003906,357.83538818359375,358.53875732421875
150.16897583007812,357.74951171875,358.3914794921875
150.13108825683594,357.74951171875,358.3914794921875
149.9600372314453,357.656494140625,358.5653076171875
150.0150604248047,357.6653747558594,358.49652099609375
149.84329223632812,357.6653747558594,358.49652099609375
149.76516723632812,357.62774658203125,358.57916259765625
149.6469268798828,357.62774658203125,358.57916259765625
149.754150390625,357.9971618652344,358.6602478027344
149.78150939941406,357.9488220214844,358.5934143066406
149.5211944580078,357.9488220214844,358.5934143066406
149.5130615234375,357.97900390625,358.6231994628906
149.49864196777344,357.97900390625,358.6231994628906
149.62612915039062,357.8396911621094,358.3629150390625
149.6102752685547,357.99932861328125,358.48284912109375
149.58123779296875,357.99932861328125,358.48284912109375
149.4646759033203,357.7228698730469,358.4713134765625
149.470947265625,357.7228698730469,358.4713134765625
149.38536071777344,357.6852722167969,358.5653076171875
149.48411560058594,357.9498596191406,358.5941162109375
149.4486846923828,357.9498596191406,358.5941162109375
149.50830078125,357.9371032714844,358.504150390625
149.4980010986328,357.9371032714844,358.504150390625
149.46485900878906,357.6671447753906,358.382080078125
149.50697326660156,357.7998046875,358.4067687988281
149.62620544433594,357.7998046875,358.4067687988281
149.48703002929688,357.8368225097656,358.62054443359375
149.59202575683594,357.8368225097656,358.62054443359375
149.6226806640625,357.9913024902344,358.6737060546875
149.82763671875,358.0404357910156,358.4234924316406
150.0879364013672,358.0404357910156,358.4234924316406
149.84361267089844,357.8368225097656,358.632080078125
149.89613342285156,357.8368225097656,358.632080078125
149.79547119140625,357.6498718261719,358.654541015625
150.0999755859375,357.99835205078125,358.4532470703125
150.00482177734375,357.99835205078125,358.4532470703125
149.872802734375,357.7750549316406,358.49652099609375
149.80764770507812,357.7750549316406,358.49652099609375
149.68032836914062,357.7984313964844,358.68408203125
149.71531677246094,357.8120422363281,358.6447448730469
149.6549530029297,357.8120422363281,358.6447448730469
149.90122985839844,357.8176574707031,358.3131103515625
149.8294677734375,357.8176574707031,358.3131103515625
149.58824157714844,357.8575744628906,358.6667175292969
149.74269104003906,357.7190856933594,358.3705139160156
149.7017059326172,357.7190856933594,358.3705139160156
149.75643920898438,358.0570983886719,358.5029296875
149.5639190673828,357.6415100097656,358.51123046875
149.5278778076172,357.6415100097656,358.51123046875
149.5452880859375,358.02020263671875,358.72174072265625
149.45301818847656,358.02020263671875,358.72174072265625
149.61337280273438,357.9356384277344,358.4465637207031
149.62789916992188,357.85076904296875,358.3741149902344
149.6639404296875,357.85076904296875,358.3741149902344
149.50682067871094,357.87823486328125,358.6097106933594
149.6028289794922,357.87823486328125,358.6097106933594
149.7637481689453,357.8829345703125,358.38824462890625
149.7267303466797,357.8160095214844,358.3985900878906
149.78196716308594,357.8160095214844,358.3985900878906
149.3454132080078,357.5710754394531,358.8569030761719
149.40023803710938,357.5710754394531,358.8569030761719
149.94540405273438,357.9026184082031,358.302490234375
149.7664337158203,357.8316955566406,358.50732421875
149.8058319091797,357.8316955566406,358.50732421875
149.75526428222656,357.8085021972656,358.5631408691406
149.80538940429688,357.8085021972656,358.5631408691406
149.78651428222656,357.6846008300781,358.5130310058594
149.7473907470703,357.7982482910156,358.6367492675781
149.75543212890625,357.7982482910156,358.6367492675781
149.85523986816406,357.75970458984375,358.4765625
149.85690307617188,357.75970458984375,358.4765625
149.87950134277344,357.8244934082031,358.4854431152344
149.80438232421875,357.6565856933594,358.48468017578125
149.69342041015625,357.6565856933594,358.48468017578125
149.6690216064453,357.8861083984375,358.6593017578125
149.52467346191406,357.8861083984375,358.6593017578125
149.2820281982422,357.56646728515625,358.7910461425781
149.39210510253906,357.7032470703125,358.7264404296875
149.33645629882812,357.7032470703125,358.7264404296875
149.6036834716797,357.6558837890625,358.3335876464844
149.57713317871094,357.6558837890625,358.3335876464844
149.38973999023438,357.83197021484375,358.6984558105469
149.7352752685547,357.9027404785156,358.271484375
149.73170471191406,357.9027404785156,358.271484375
149.6169891357422,357.8707275390625,358.40789794921875
149.61691284179688,357.8707275390625,358.40789794921875
149.217529296875,357.3497009277344,358.63043212890625
149.565673828125,357.869873046875,358.47760009765625
149.5279541015625,357.869873046875,358.47760009765625
149.50765991210938,357.8599853515625,358.4993896484375
149.46746826171875,357.8599853515625,358.4993896484375
149.30667114257812,357.6889953613281,358.6148376464844
149.52093505859375,357.7809143066406,358.3766784667969
149.5038299560547,357.7809143066406,358.3766784667969
149.35533142089844,357.7461242675781,358.5600891113281
149.36822509765625,357.7461242675781,358.5600891113281
149.42575073242188,357.903076171875,358.5781555175781
149.34466552734375,357.827392578125,358.6435241699219
149.29115295410156,357.827392578125,358.6435241699219
149.39894104003906,357.841064453125,358.50225830078125
149.40245056152344,357.841064453125,358.50225830078125
149.49781799316406,357.7420654296875,358.3083190917969
149.3516387939453,357.92108154296875,358.6228942871094
149.40774536132812,357.92108154296875,358.6228942871094
149.4060516357422,357.7994384765625,358.549560546875
149.43756103515625,357.7994384765625,358.549560546875
149.50794982910156,357.5517578125,358.2970886230469
149.52627563476562,357.91363525390625,358.49652099609375
149.61671447753906,357.91363525390625,358.49652099609375
149.48641967773438,357.82586669921875,358.62457275390625
149.4512939453125,357.82586669921875,358.62457275390625
149.46031188964844,357.7160949707031,358.5435791015625
149.4302978515625,357.8017578125,358.6389465332031
149.4475860595703,357.8017578125,358.6389465332031
149.27316284179688,357.7767639160156,358.8675231933594
149.3343048095703,357.7767639160156,358.8675231933594
149.782470703125,357.8802490234375,358.3078308105469
149.80416870117188,358.01434326171875,358.35980224609375
149.86355590820312,358.01434326171875,358.35980224609375
149.81761169433594,357.7132568359375,358.2388610839844
149.86990356445312,357.7132568359375,358.2388610839844
149.72311401367188,357.887451171875,358.54681396484375
149.7231903076172,357.6699523925781,358.4128723144531
149.68592834472656,357.6699523925781,358.4128723144531
149.45411682128906,357.8056335449219,358.8155212402344
149.3851776123047,357.8056335449219,358.8155212402344
149.66175842285156,357.75604248046875,358.4051818847656
149.67794799804688,357.9216003417969,358.4849853515625
149.5919952392578,357.9216003417969,358.4849853515625
149.67959594726562,357.8266296386719,358.3066101074219
149.54144287109375,357.9250793457031,358.5565490722656
149.6124267578125,357.9250793457031,358.5565490722656
149.55526733398438,357.81597900390625,358.56805419921875
149.6431427001953,357.81597900390625,358.56805419921875
149.50570678710938,357.63232421875,358.64447021484375
149.80552673339844,357.973876953125,358.44061279296875
149.89010620117188,357.973876953125,358.44061279296875
149.63296508789062,357.634033203125,358.58758544921875
149.74057006835938,357.634033203125,358.58758544921875
149.79566955566406,357.8579406738281,358.6488342285156
149.8494873046875,357.8070373535156,358.5429382324219
149.794921875,357.8070373535156,358.5429382324219
149.8469696044922,357.99114990234375,358.58331298828125
149.78883361816406,357.99114990234375,358.58331298828125
149.88499450683594,358.0342712402344,358.47607421875
149.66998291015625,357.8623046875,358.6696472167969
149.63711547851562,357.8623046875,358.6696472167969
149.8356170654297,357.95306396484375,358.4494934082031
149.82504272460938,357.95306396484375,358.4494934082031
149.596923828125,357.98614501953125,358.7876281738281
149.68911743164062,357.6554260253906,358.4551086425781
149.6883544921875,357.6554260253906,358.4551086425781
149.49024963378906,357.6692199707031,358.73931884765625
149.44180297851562,357.6692199707031,358.73931884765625
149.75030517578125,358.02313232421875,358.5281066894531
149.54254150390625,357.75689697265625,358.6533203125
149.51048278808594,357.75689697265625,358.6533203125
149.52505493164062,357.8571472167969,358.6951599121094
149.3667755126953,357.8571472167969,358.6951599121094
149.52464294433594,357.99200439453125,358.558349609375
149.5095672607422,357.9449462890625,358.55029296875
149.47409057617188,357.9449462890625,358.55029296875
149.55491638183594,357.8182678222656,358.35980224609375
149.50271606445312,357.8182678222656,358.35980224609375
149.4227752685547,357.7886657714844,358.4516906738281
149.46498107910156,358.0494689941406,358.55511474609375
149.3802032470703,358.0494689941406,358.55511474609375
149.29185485839844,357.95538330078125,358.6188659667969
149.260009765625,357.95538330078125,358.6188659667969
149.26487731933594,358.0198669433594,358.6523742675781
149.17959594726562,357.6598205566406,358.5443115234375
149.07931518554688,357.6598205566406,358.5443115234375
149.17880249023438,357.8984375,358.5576171875
149.09033203125,357.8984375,358.5576171875
149.07969665527344,357.92657470703125,358.5899963378906
149.03030395507812,357.7323303222656,358.5354919433594
148.95089721679688,357.7323303222656,358.5354919433594
148.9261474609375,357.7248229980469,358.56488037109375
149.0054473876953,357.7248229980469,358.56488037109375
149.1461639404297,357.8354797363281,358.44061279296875
148.97923278808594,357.7056884765625,358.5889892578125
149.08175659179688,357.7056884765625,358.5889892578125
149.0640411376953,357.8064270019531,358.67730712890625
149.33802795410156,357.8064270019531,358.67730712890625
149.43601989746094,357.8883056640625,358.5914306640625
149.46568298339844,357.4767761230469,358.29345703125
149.74493408203125,357.4767761230469,358.29345703125
149.75718688964844,357.887451171875,358.5295715332031
149.90138244628906,357.887451171875,358.5295715332031
149.88563537597656,357.8097229003906,358.504150390625
149.86099243164062,357.8395080566406,358.556884765625
149.99005126953125,357.8395080566406,358.556884765625
150.01612854003906,357.5060119628906,358.31683349609375
150.10079956054688,357.5060119628906,358.31683349609375
150.1067657470703,357.9085693359375,358.5530700683594
149.84950256347656,357.91326904296875,358.9183044433594
149.87989807128906,357.91326904296875,358.9183044433594
150.2025909423828,357.6992492675781,358.3356018066406
150.2503204345703,357.6992492675781,358.3356018066406
150.37384033203125,357.8635559082031,358.2630615234375
149.9805145263672,357.7127380371094,358.7201843261719
149.97415161132812,357.7127380371094,358.7201843261719
150.1376190185547,358.1444091796875,358.75274658203125
150.04879760742188,358.1444091796875,358.75274658203125
150.20359802246094,357.6425476074219,358.2349548339844
150.01258850097656,357.67852783203125,358.52069091796875
149.90135192871094,357.67852783203125,358.52069091796875
149.88031005859375,357.85162353515625,358.6557922363281
149.79078674316406,357.85162353515625,358.6557922363281
149.8465576171875,358.01824951171875,358.68011474609375
149.85914611816406,357.74505615234375,358.4957580566406
149.8157501220703,357.74505615234375,358.4957580566406